'''
	--> tokenized docs

	[['the', 'cat', 'in', 'the', 'hat', 'disabled'],
	 ['a', 'cat', 'is', 'a', 'fine', 'pet', 'ponies', '.'],
	 ['dogs', 'and', 'cats', 'make', 'good', 'pets', '.'],
	 ['i', 'have', "n't", 'got', 'a', 'hat', '.']]

	--> vocab

	['zerostart',
	 'a',
	 'and',  
	 'good', 
	 'dogs', 
	 "n't",  
	 'pet',  
	 'fine', 
	 'is',   
	 'cat',  
	 'disabled',
	 'i',
	 'have', 
	 'cats', 
	 'pets', 
	 'in',   
	 'got',  
	 'the',  
	 '.',
	 'hat',  
	 'ponies',
	 'make', 
	 'EOF',  
	 'UNK']  

   4
   6
   9
   13
   14
   19

	

	--> bow

	 [[0, 0, 0, 0, 0, 0, 0, 0, 0, 1, 1, 0, 0, 0, 0, 1, 0, 2, 0, 1, 0, 0, 0, 0],
	 [0, 2, 0, 0, 0, 0, 1, 1, 1, 1, 0, 0, 0, 0, 0, 0, 0, 0, 1, 0, 1, 0, 0, 0],
	 [0, 0, 1, 1, 1, 0, 0, 0, 0, 0, 0, 0, 0, 1, 1, 0, 0, 0, 1, 0, 0, 1, 0, 0],
	 [0, 1, 0, 0, 0, 1, 0, 0, 0, 0, 0, 1, 1, 0, 0, 0, 1, 0, 1, 1, 0, 0, 0, 0]]


	 In [11]: tfidf_transformed
Out[11]: 
array([[ 0.        ,  0.        ,  0.        ,  0.        ,  0.        ,
         0.        ,  0.        ,  0.        ,  0.        ,  0.51082562,
         0.91629073,  0.        ,  0.        ,  0.        ,  0.        ,
         0.91629073,  0.        ,  1.83258146,  0.        ,  0.51082562,
         0.        ,  0.        ,  0.        ,  0.        ],
       [ 0.        ,  1.02165125,  0.        ,  0.        ,  0.        ,
         0.        ,  0.91629073,  0.91629073,  0.91629073,  0.51082562,
         0.        ,  0.        ,  0.        ,  0.        ,  0.        ,
         0.        ,  0.        ,  0.        ,  0.22314355,  0.        ,
         0.91629073,  0.        ,  0.        ,  0.        ],
       [ 0.        ,  0.        ,  0.91629073,  0.91629073,  0.91629073,
         0.        ,  0.        ,  0.        ,  0.        ,  0.        ,
         0.        ,  0.        ,  0.        ,  0.91629073,  0.91629073,
         0.        ,  0.        ,  0.        ,  0.22314355,  0.        ,
         0.        ,  0.91629073,  0.        ,  0.        ],
       [ 0.        ,  0.51082562,  0.        ,  0.        ,  0.        ,
         0.91629073,  0.        ,  0.        ,  0.        ,  0.        ,
         0.        ,  0.91629073,  0.91629073,  0.        ,  0.        ,
         0.        ,  0.91629073,  0.        ,  0.22314355,  0.51082562,
         0.        ,  0.        ,  0.        ,  0.        ]])



In [13]: wv
Out[13]: 
array([[  7.55322063e-17,  -1.29969624e-17,   1.95318641e-17,
         -3.26202720e-17],
       [ -2.07068178e+00,   4.49881920e-01,  -7.13019300e-01,
         -3.85575751e-02],
       [ -2.30006184e-01,   3.34151464e-01,   8.90043457e-01,
         -2.07996633e-01],
       [ -2.30006184e-01,   3.34151464e-01,   8.90043457e-01,
         -2.07996633e-01],
       [ -2.30006184e-01,   3.34151464e-01,   8.90043457e-01,
         -2.07996633e-01],
       [ -5.08763753e-01,   4.02350327e-02,   5.39902329e-02,
          8.58268979e-01],
       [ -7.80959015e-01,   2.04823444e-01,  -3.83504767e-01,
         -4.48413277e-01],
       [ -7.80959015e-01,   2.04823444e-01,  -3.83504767e-01,
         -4.48413277e-01],
       [ -7.80959015e-01,   2.04823444e-01,  -3.83504767e-01,
         -4.48413277e-01],
       [ -1.06088689e+00,  -7.14290966e-01,  -1.43022348e-01,
         -5.86388973e-01],
       [ -2.79927875e-01,  -9.19114410e-01,   2.40482418e-01,
         -1.37975696e-01],
       [ -5.08763753e-01,   4.02350327e-02,   5.39902329e-02,
          8.58268979e-01],
       [ -5.08763753e-01,   4.02350327e-02,   5.39902329e-02,
          8.58268979e-01],
       [ -2.30006184e-01,   3.34151464e-01,   8.90043457e-01,
         -2.07996633e-01],
       [ -2.30006184e-01,   3.34151464e-01,   8.90043457e-01,
         -2.07996633e-01],
		[ -2.79927875e-01,  -9.19114410e-01,   2.40482418e-01,
         -1.37975696e-01],
       [ -5.08763753e-01,   4.02350327e-02,   5.39902329e-02,
          8.58268979e-01],
       [ -5.59855751e-01,  -1.83822882e+00,   4.80964836e-01,
         -2.75951392e-01],
       [ -1.51972895e+00,   5.79209940e-01,   5.60528923e-01,
          2.01859069e-01],
       [ -7.88691628e-01,  -8.78879377e-01,   2.94472651e-01,
          7.20293283e-01],
       [ -7.80959015e-01,   2.04823444e-01,  -3.83504767e-01,
         -4.48413277e-01],
       [ -2.30006184e-01,   3.34151464e-01,   8.90043457e-01,
         -2.07996633e-01],
       [  0.00000000e+00,   0.00000000e+00,   0.00000000e+00,
          0.00000000e+00],
       [  0.00000000e+00,   0.00000000e+00,   0.00000000e+00,
          0.00000000e+00]])


 		[ -1.43286224e-01,   1.44683768e-02,   2.09684216e-02,
          3.82701941e-01,   1.21067458e-02,  -1.62683746e-01,
          5.98292449e-02,   5.98292449e-02,   5.98292449e-02,
          7.26860575e-02,   1.28568126e-02,  -1.62683746e-01,
          8.37316254e-01,   1.21067458e-02,   1.21067458e-02,
          1.28568126e-02,  -1.62683746e-01,   2.57136252e-02,
         -9.07477550e-02,  -1.49826933e-01,   5.98292449e-02,
          1.21067458e-02,   0.00000000e+00,   0.00000000e+00],
       [ -6.47780377e-02,   1.20159696e-01,   3.45670049e-01,
         -9.27456508e-02,  -1.03123531e-01,  -2.49973807e-02,
          1.56897018e-02,   1.56897018e-02,   1.56897018e-02,
          1.68531617e-02,   1.16345987e-03,  -2.49973807e-02,
         -2.49973807e-02,   8.96876469e-01,  -1.03123531e-01,
          1.16345987e-03,  -2.49973807e-02,   2.32691974e-03,
         -1.12431210e-01,  -2.38339209e-02,   1.56897018e-02,
         -1.03123531e-01,   0.00000000e+00,   0.00000000e+00],
 		[ -6.47780377e-02,   1.20159696e-01,   3.45670049e-01,
         -9.27456508e-02,  -1.03123531e-01,  -2.49973807e-02,
          1.56897018e-02,   1.56897018e-02,   1.56897018e-02,
          1.68531617e-02,   1.16345987e-03,  -2.49973807e-02,
         -2.49973807e-02,  -1.03123531e-01,   8.96876469e-01,
          1.16345987e-03,  -2.49973807e-02,   2.32691974e-03,
         -1.12431210e-01,  -2.38339209e-02,   1.56897018e-02,
         -1.03123531e-01,   0.00000000e+00,   0.00000000e+00],
       [ -7.88377867e-02,  -3.30510322e-01,   9.33972027e-02,
         -6.15233312e-02,  -2.37811078e-03,   1.40985929e-02,
          2.63247349e-03,   2.63247349e-03,   2.63247349e-03,
         -1.24458910e-01,  -1.27091383e-01,   1.40985929e-02,
          1.40985929e-02,  -2.37811078e-03,  -2.37811078e-03,
          8.72908617e-01,   1.40985929e-02,  -2.54182767e-01,
          1.43529556e-02,  -1.12992790e-01,   2.63247349e-03,
         -2.37811078e-03,   0.00000000e+00,   0.00000000e+00],
		[ -1.43286224e-01,   1.44683768e-02,   2.09684216e-02,
          3.82701941e-01,   1.21067458e-02,  -1.62683746e-01,
          5.98292449e-02,   5.98292449e-02,   5.98292449e-02,
          7.26860575e-02,   1.28568126e-02,  -1.62683746e-01,
         -1.62683746e-01,   1.21067458e-02,   1.21067458e-02,
          1.28568126e-02,   8.37316254e-01,   2.57136252e-02,
         -9.07477550e-02,  -1.49826933e-01,   5.98292449e-02,
          1.21067458e-02,   0.00000000e+00,   0.00000000e+00],
       [ -1.57675573e-01,  -6.61020645e-01,   1.86794405e-01,
         -1.23046662e-01,  -4.75622157e-03,   2.81971858e-02,
          5.26494698e-03,   5.26494698e-03,   5.26494698e-03,
         -2.48917820e-01,  -2.54182767e-01,   2.81971858e-02,
          2.81971858e-02,  -4.75622157e-03,  -4.75622157e-03,
         -2.54182767e-01,   2.81971858e-02,   4.91634467e-01,
          2.87059112e-02,  -2.25985581e-01,   5.26494698e-03,
         -4.75622157e-03,   0.00000000e+00,   0.00000000e+00],
		[ -4.28010489e-01,   2.08281866e-01,   2.17695056e-01,
          9.00089125e-02,  -8.40986450e-02,  -1.37786124e-01,
         -5.37008612e-03,  -5.37008612e-03,  -5.37008612e-03,
          1.25244401e-02,   1.78945263e-02,  -1.37786124e-01,
         -1.37786124e-01,  -8.40986450e-02,  -8.40986450e-02,
          1.78945263e-02,  -1.37786124e-01,   3.57890525e-02,
          7.72745145e-01,  -1.19891598e-01,  -5.37008612e-03,
         -8.40986450e-02,   0.00000000e+00,   0.00000000e+00],
       [ -2.22124011e-01,  -3.16041945e-01,   1.14365624e-01,
          3.21178609e-01,   9.72863503e-03,  -1.48585153e-01,
          6.24617184e-02,   6.24617184e-02,   6.24617184e-02,
         -5.17728523e-02,  -1.14234571e-01,  -1.48585153e-01,
         -1.48585153e-01,   9.72863503e-03,   9.72863503e-03,
         -1.14234571e-01,  -1.48585153e-01,  -2.28469141e-01,
         -7.63947994e-02,   7.37180277e-01,   6.24617184e-02,
          9.72863503e-03,   0.00000000e+00,   0.00000000e+00],
		 [ -2.19946228e-01,   7.36537929e-02,  -1.48943414e-01,
         -1.99947377e-01,   6.91814046e-03,   4.98950025e-02,
         -8.08890328e-02,  -8.08890328e-02,  -8.08890328e-02,
         -7.70147790e-02,   3.87425379e-03,   4.98950025e-02,
          4.98950025e-02,   6.91814046e-03,   6.91814046e-03,
          3.87425379e-03,   4.98950025e-02,   7.74850757e-03,
         -2.40758898e-02,   5.37692563e-02,   9.19110967e-01,
          6.91814046e-03,   0.00000000e+00,   0.00000000e+00],
       [ -6.47780377e-02,   1.20159696e-01,   3.45670049e-01,
         -9.27456508e-02,  -1.03123531e-01,  -2.49973807e-02,
          1.56897018e-02,   1.56897018e-02,   1.56897018e-02,
          1.68531617e-02,   1.16345987e-03,  -2.49973807e-02,
         -2.49973807e-02,  -1.03123531e-01,  -1.03123531e-01,
          1.16345987e-03,  -2.49973807e-02,   2.32691974e-03,
         -1.12431210e-01,  -2.38339209e-02,   1.56897018e-02,
          8.96876469e-01,   0.00000000e+00,   0.00000000e+00],
          [  0.00000000e+00,   0.00000000e+00,   0.00000000e+00,
          0.00000000e+00,   0.00000000e+00,   0.00000000e+00,
          0.00000000e+00,   0.00000000e+00,   0.00000000e+00,
          0.00000000e+00,   0.00000000e+00,   0.00000000e+00,
          0.00000000e+00,   0.00000000e+00,   0.00000000e+00,
          0.00000000e+00,   0.00000000e+00,   0.00000000e+00,
          0.00000000e+00,   0.00000000e+00,   0.00000000e+00,
          0.00000000e+00,   1.00000000e+00,   0.00000000e+00],
       [  0.00000000e+00,   0.00000000e+00,   0.00000000e+00,
          0.00000000e+00,   0.00000000e+00,   0.00000000e+00,
          0.00000000e+00,   0.00000000e+00,   0.00000000e+00,
          0.00000000e+00,   0.00000000e+00,   0.00000000e+00,
          0.00000000e+00,   0.00000000e+00,   0.00000000e+00,
          0.00000000e+00,   0.00000000e+00,   0.00000000e+00,
          0.00000000e+00,   0.00000000e+00,   0.00000000e+00,
          0.00000000e+00,   0.00000000e+00,   1.00000000e+00]])



from scripts.lsa.matrix_formatter import MatrixFormatter
arr_bow_sublin = np.array(td_bow_sublin, dtype=object)
mf = MatrixFormatter(arr_bow_sublin)
mf.pretty_print()


arr_bow_sublin = np.array(td_bow_sublin, dtype=object)
print(arr_bow_sublin)


svd_bow = readPickle('embeddings/sentences_1/lsa/red_0/svd_bow')


lsa_bow3 = LSA(bow_t)
lsa_bow3.transform()
lsa_bow3.u

u, sigma, vt = linalg.svd(bow_t,full_matrices=True)



wv_bow_sublin_
statistics    [array([-0.35212092, -0.48093786,  0.3500877 ,  0.10612664, -0.52865997, -0.42172989,  0.2314042 ]),
python         array([-1.01001448, -0.06736391, -0.23412707, -0.69286595,  0.08883144,  0.08199776, -0.65256378]),
data           array([-0.26147774,  0.12372076, -0.09745159,  0.83060045, -0.0668377 ,  0.03703535, -0.45944505]),
football       array([-0.31887083,  0.5736413 ,  1.09144975,  0.03327639,  0.58572678, -0.1718005 ,  0.06554321]),
watch          array([-0.29189519,  0.42584284,  0.68321095,  0.01418701, -0.02644431,  0.47364797,  0.20355565]),
machine        array([-0.92412946,  0.65205234, -0.6497772 , -0.28078091, -0.05147391, -0.3467267 ,  0.31127991]),
learning       array([-0.92412946,  0.65205234, -0.6497772 , -0.28078091, -0.05147391, -0.3467267 ,  0.31127991]),
science        array([-0.26147774,  0.12372076, -0.09745159,  0.83060045, -0.0668377 ,  0.03703535, -0.45944505]),
fun            array([-0.71840892,  0.30132445, -0.52985699,  1.01022293,  0.20116118, -0.06202903,  0.21789903]),
cool           array([-0.89493712, -1.02275042,  0.33333244, -0.12633592, -0.12035574, -0.09206981, -0.05509541])]

print(dv_bow)

[[-1.7045942   0.42544453 -0.93189343  0.31798621  0.41805512  0.23884307   -0.84380027]
 [-2.25051781 -1.42798418 -0.02056925 -0.51932761  0.63534985 -0.35247956   0.31304188]
 [-1.29263817 -0.90254905  0.89877477  0.43789376 -1.08804749  0.51891728  -0.24864082]
 [-0.93222694  0.41440399 -0.16818187  1.60409108  0.16758652 -0.11579747   0.56243634]
 [-1.66485147  1.23832009 -0.53579906 -0.78932425 -0.69566452  0.29167819   0.46442894]
 [-0.09054138  0.35992498  0.83917202 -0.1340143   0.93922866  1.10916715   0.16638662]
 [-1.0272457   1.14348224  1.40748291 -0.10557847  0.17608408 -0.7424885  -0.25052922]]


 [[-1.69869626  0.43071147 -0.93479178  0.34752141  0.4608336  -0.14912965   0.83648347]
 [-2.01798409 -1.31396417 -0.03622222 -0.44975282  0.70209363  0.49626406  -0.35381159]
 [-1.30905157 -1.1663353   0.756834    0.20532664 -0.9090496  -0.63486422   0.28577173]
 [-0.97207472  0.30003853 -0.21067486  1.6069895  -0.11492981  0.05575232  -0.5673899 ]
 [-1.73686541  1.15059815 -0.4699233  -0.8907573  -0.54934481 -0.37282617  -0.45206954]
 [-0.10028517  0.35843     0.88254743  0.03693283  1.05264994 -0.97164594  -0.17043793]
 [-1.08515522  1.0327229   1.47699353  0.02744808 -0.04547193  0.71302071   0.25138026]]


 [[ -1.25149308e+00   4.02721738e-01   8.36061909e-01  -2.88070358e-01   -2.71055399e-01  -6.53736529e-04  -1.13228066e+00]
 [ -2.15564381e+00  -7.66832990e-01  -1.39613220e-01   7.58585639e-02   -7.25920600e-01   8.75387134e-01   4.45724153e-01]
 [ -1.13815112e+00  -1.17928749e+00  -1.15415914e+00  -1.44166201e-01    9.64050044e-01  -8.76014363e-01  -2.23022320e-01]
 [ -2.80483129e-01   1.89749288e-01   6.64122711e-01  -1.96557994e+00    5.09249741e-01   6.21988739e-04   3.80665268e-01]
 [ -1.32904858e+00   1.31608539e+00   7.48968093e-01   7.55664381e-01    3.86799242e-01  -8.75713369e-01   4.90740750e-01]
 [ -8.02992695e-02   7.06689389e-01  -1.07462010e+00  -6.37975158e-01   -1.40096113e+00  -8.79358567e-01   4.48112476e-02]
 [ -3.93033169e-01   1.60829471e+00  -1.34126284e+00  -1.03545412e-01    6.67630095e-01   8.78132059e-01  -1.33665017e-01]]


2: 'rats'
5: 'mouse',
11: 'cats',
12: 'dogs',
13: 'play',
17: 'mice',
19: 'eat',
21: 'dog',


In [10]: wv_bow_dim
Out[10]: 
array([[-0.36314657814901025, 0.41558187271342856, 0.224995781293791,
        -0.6094306626187177, 0.339911039594436, -0.20340157080205234],
       [-0.07631260196315075, -0.2572575416965374, -0.6724031665893271,
        -0.03378309283075144, -0.039827270282966655, 0.6360129805424108],
       [0.1667381865745004, -0.07776512934368701, 0.8242038660661595,
        0.09386756213798118, -0.07585185325385331, 0.46010320140635497],
       [0.6049058375791732, 1.0388242896981994, -0.12310602985245586,
        0.62470230941944, 0.24018880490576566, -0.0688331790671083],
       [0.4600876418622787, 0.6508019622040745, -0.054247656009424196,
        0.09862716165912903, -0.4863589044987122, -0.20494639003232637],
       [0.6694266959325051, -0.6786420964085194, -0.2421799090500849,
        -0.1554929212878806, 0.3475121010129227, -0.31034616599750503],
       [0.6694266959325051, -0.6786420964085194, -0.2421799090500849,
        -0.1554929212878806, 0.3475121010129227, -0.31034616599750503],
       [0.1667381865745004, -0.07776512934368701, 0.8242038660661595,
        0.09386756213798118, -0.07585185325385331, 0.46010320140635497],
       [0.337918606535282, -0.5086606424626616, 0.987589515437211,
        0.32802609770967184, 0.08059966695261331, -0.23017083523466703],
       [-0.9377054560838844, 0.4060709143064356, -0.04184182687439956,
        -0.2535622985898979, 0.10902318850501357, 0.052683539096841744]], dtype=object)



In [13]: wv_bow_pca2 = pca2.fit_transform(wv_bow_dim)

In [14]: wv_bow_pca2
Out[14]: 
array([[ 0.56693098, -0.02872222],
       [ 0.12546606, -0.63969272],
       [-0.11741742,  0.75178039],
       [ 0.56642586, -0.18215103],
       [ 0.40808494, -0.12736105],
       [-0.84101048, -0.60425958],
       [-0.84101048, -0.60425958],
       [-0.11741742,  0.75178039],
       [-0.70043848,  0.74941058],
       [ 0.95038646, -0.06652518]])


In [21]: wv_bow_tsne2
Out[21]: 
array([[-186.51857732, -300.31749778],
       [-635.31353548,  507.30649667],
       [-264.62517915,   25.71583976],
       [ 941.33120764,  460.73891337],
       [-149.32281231, -617.51208725],
       [ 134.72519642, -204.06370857],
       [ 603.82124671, -293.34580407],
       [  54.10298503,  122.88973409],
       [ 330.858133  ,  235.27187071],
       [-876.21261675,  105.62224148]])


	'''


In [67]: sim = float(dot(td_tfidf[0],td_tfidf[1]) / (norm(td_tfidf[0]) * norm(td_tfidf[1])))

In [68]: sim
Out[68]: 0.38008357406997134

In [69]: sim = float(dot(td_bow[0],td_bow[1]) / (norm(td_bow[0]) * norm(td_bow[1])))

In [70]: sim
Out[70]: 0.4743416490252569

In [71]: sim = float(dot(td_bow_sublin[0],td_bow_sublin[1]) / (norm(td_bow_sublin[0]) * norm(td_bow_sublin[1])))

In [72]: sim
Out[72]: 0.4596206694974669

In [73]: sim = float(dot(dv_bow_sublin_[0],dv_bow_sublin_[1]) / (norm(dv_bow_sublin_[0]) * norm(dv_bow_sublin_[1])))

In [74]: sim
Out[74]: -0.30228614086271643

In [79]: sim = float(dot(dv_bow_[0],dv_bow_[1]) / (norm(dv_bow_[0]) * norm(dv_bow_[1])))

In [80]: sim
Out[80]: -0.3372703908598631


In [77]: sim = float(dot(dv_tfidf_[0],dv_tfidf_[1]) / (norm(dv_tfidf_[0]) * norm(dv_tfidf_[1])))

In [78]: sim
Out[78]: -0.3435384946460056
